1.466290761115124042e+01
2.151182811562148345e+01
1.718310725979017661e+01
1.520933687389106126e+01
6.544395325025561760e+00
3.328589137103926987e+01
1.794645465256553507e+01
1.727967107624635901e+01
7.780548393350727565e+00
9.681746100627151463e+00
1.614350216393950177e+01
1.908684434983524625e+01
1.118985628130531040e+01
2.451457374191613781e+01
1.945008765197917455e+01
9.300192235399663332e+00
9.468796843125801388e+00
6.814342545955696551e+00
3.138867751703810427e+01
4.167642259732474486e+00
1.525666952597703130e+01
1.615218070904347769e+01
5.525179230298363109e+00
9.757260818922986800e+00
1.445242630519624072e+01
6.884079165473394823e+00
1.392340272261981227e+01
2.353595323510171511e+01
9.352949478216942225e+00
2.594086118845007150e+01
9.888591602303677064e+00
3.402029908968688687e+01
1.242261029412611606e+01
1.976264942354146115e+01
1.422953064781495414e+01
6.507517130499309133e+00
1.363331267978765027e+01
1.779450323883565943e+01
1.565468233932551811e+01
4.288716070229838806e+00
1.282538171691658135e+01
1.390250749777896999e+01
1.927227299159631002e+01
7.756715571408676624e+00
5.388691664385987679e+00
1.183293260776554234e+01
1.801810899950487510e+01
2.281250105377239379e+01
8.789655788947129622e+00
2.411219887257402661e+01
1.215658246315024371e+01
1.771028368355291605e+01
1.897015469835878321e+01
1.387245866603325339e+01
2.622804146324097019e+01
2.442870850311555841e+01
1.087610745376741761e+01
1.005085002990381327e+01
1.020777010020992748e+01
5.621448873593180906e+00
9.098381122163573309e+00
7.630369448170768010e+00
4.946277699849815690e+00
1.626840139193973300e+01
6.657847284996023518e+00
1.420971302305588324e+01
2.717521379383924796e+00
1.607436489236033594e+01
1.208520814834946577e+01
1.400457274823111220e+01
1.340468556572704983e+01
2.482316921470737725e+01
2.325680827501264503e+01
1.277680573840825673e+01
1.827619918695199885e+01
1.784173168732013437e+01
1.010997242572420873e+01
8.741534056928685459e+00
1.346882066491025398e+01
2.314872922819813539e+01
9.931760251184641675e+00
1.112836051638714707e+01
1.527101039997569387e+01
7.674233047095640359e+00
2.744303327715124396e+01
2.781885183051144850e+00
6.564267748830843630e+00
1.084720461528695523e+01
6.087431455665409885e+00
1.751017953799373572e+01
6.152176865845376597e+00
1.666626032931799273e+01
2.554886977714795648e+01
1.013645871150265521e+01
1.280985204421085655e+01
4.210826748971931011e+01
4.516985532573016826e-01
1.730076779085129601e+01
1.043194049393787282e+01
4.736805737640224834e+00
1.314670383537395537e+01
2.741295502400907935e+01
2.121220907247061405e+01
1.971222910774486081e+01
1.286837704403797034e+01
3.220157642556841893e+00
1.455430097231055697e+01
1.872142275156147662e+01
4.746029087912575051e+00
1.482504181160402368e+01
8.008230627759530762e+00
9.345436002931364783e+00
1.432920065401276588e+01
1.553809976659067615e+00
1.085429795362188088e+01
7.136908374790436937e+00
1.116761620491297435e+01
2.448357324649305156e+01
1.414492648025179733e+01
1.442583805718095391e+01
1.268717950398786343e+01
9.009243416784102010e+00
1.143045371612379313e+01
3.903012293568644964e+01
3.562634863953826425e+01
1.241063307520244052e+01
1.921850210586990215e+01
4.186845552856993891e+00
3.379038024402098017e+01
1.639967139646842043e+01
8.417872276389971375e+00
5.759182626110032288e+00
1.827163401807410992e+01
2.336873849483845333e+01
1.996970555352618248e+01
9.869305086787790060e+00
1.380395785176096979e+01
8.856822817330794351e+00
3.614294947806320124e+01
3.078876580037604072e+01
1.494163276855670119e+01
1.249490602490914171e+01
4.372236842468282703e+00
1.511105531459634221e+01
1.898556916018333141e+01
2.092070705517244278e+01
1.045562878524515327e+01
1.083599585082629346e+01
1.029689191434817985e+01
1.070920781713175529e+01
4.503827696704775008e+00
7.672585418768449017e+00
1.359136881102313055e+01
8.775947890161205578e+00
9.067588325915039604e+00
2.692789926926116095e+01
1.177959946714463513e+01
1.112499222492397166e+01
3.641917908875711873e+00
1.407655579441461668e+01
1.143416198142995199e+01
1.971204960497698266e+01
1.455606130957903588e+01
1.376824793697915084e+01
1.965774513935866707e+01
1.426914822268054195e+01
1.283938490618629658e+01
9.550557793455027422e+00
1.393646969261772028e+01
3.582321579021026992e+00
5.377543524678458198e+00
1.510656972722199498e+01
2.604319505497915088e+01
1.252273707186532192e+01
2.278992094490286036e+01
4.828947951880309120e+00
9.272696689459280606e+00
2.355679445879513878e+01
6.445937746389517997e+00
6.879048547512866207e+00
2.616755048730874478e+01
1.945497791351272099e+01
3.029046577198141676e+01
1.131319552247623506e+01
2.944352930508648569e+01
1.558306184969524111e+01
2.059284411588578223e+01
1.847971249107604308e+01
2.106710948787849702e+01
3.796430987182702665e+00
1.081339766199789665e+01
1.305179838402273163e+01
5.812034614001277077e+00
1.187573729973928494e+01
2.059184851534882910e+01
1.285166464473650194e+01
2.822292154862361713e+01
1.918815397153548474e+01
2.005593332952548735e+01
1.199137683000481047e+01
1.087829148027049087e+01
1.904748346085898447e+01
2.238897414460416257e+01
8.458598228215123527e+00
2.617314358618432379e+01
1.406188599287816032e+01
1.761889857560208839e+01
1.817306377130353212e+01
2.403071845619297164e+01
1.480442767233580525e+01
2.361205383204105601e+01
6.643408182851999300e+00
1.931354284158805967e+01
8.883528539385224576e+00
3.431954280673153335e+01
1.632634064475269042e+01
9.258655527383780282e+00
6.047930566568538779e+00
2.225382968303210873e+01
1.847201304918689857e+01
1.099635430033185912e+01
3.146827898258652567e+01
1.769267665399502221e+01
1.529207253998265514e+01
2.695100209988459028e+01
1.571800269606410438e+01
2.811262167297218184e+01
9.237921095255842374e+00
2.135027993325229545e+01
1.717959742642733545e+01
6.951473659646580927e+00
1.320695171095394471e+01
1.107913135780972880e+01
1.191891923940966080e+01
2.082528348889036351e+01
1.727207364717332894e+01
9.402717122590274812e+00
1.310604638288168644e+01
9.032429896089524846e+00
9.193078632985361764e+00
1.037343452960794821e+01
1.982200521406593907e+01
3.526820739923732617e+01
1.144862350196808620e+01
9.286533748123019905e+00
4.084725225894408140e+01
7.944432752050488489e+00
1.700141936461295700e+01
1.318792337790455349e+00
1.177162055808958030e+01
1.789351242550264942e+01
1.869030498954452923e+01
1.727275118967327217e+01
2.248087485222822579e+01
2.181643379414299488e+01
8.836298129489023268e+00
9.874885796821217809e+00
1.235826149229887960e+01
2.664818379479720534e+01
1.769023090875225535e+01
2.375184473724903000e+01
1.869070165222592550e+01
1.337461520249735258e+01
2.661643187195386417e+01
1.569235544596949694e+01
6.176359927961129870e+00
1.766203233653959614e+01
1.407049662954159430e+01
1.558711588080495858e+01
2.783327331682949080e+01
7.889032948823114566e+00
1.696489064340630648e+01
2.287507715779202044e+01
7.879609850001088489e+00
2.188679978820255201e+01
1.385361921185676692e+01
2.093478679982581525e+00
1.626069749602811498e+01
8.970731348973458807e+00
1.036337428422439189e+01
1.641625136489710712e+01
1.497059628328452163e+01
1.883190651720860842e+01
2.344242974300095739e+01
6.738876649105804972e-01
2.066774538718846088e+01
7.885500260968910879e+00
1.375014638116090282e+01
1.001728798446902147e+01
1.523324224172438335e+01
1.828906726470495414e+01
1.409036799922478167e+01
6.268182444319791102e+00
1.071455360303525595e+01
1.476941896229982376e+01
1.127708177122167399e+01
3.171773954049967870e+01
1.305045730731444564e+01
1.226319027253430249e+01
3.179971523656149657e+01
6.841519054094078456e+00
9.839833382191500277e+00
2.975619593896226434e+00
1.586175341993066468e+01
3.014929520848136235e+01
2.957458284175800145e+01
9.587231329725454998e+00
1.167380531498656637e+01
1.768668651514326484e+01
7.383202790190352971e+00
1.175235628767495655e+01
1.902324466256095548e+01
2.497643922491852209e+01
2.243881781620848415e+01
1.130783654549031780e+01
1.094012429608937964e+01
1.402403007634939058e+01
1.561375601425606874e+01
1.909841638681291442e+01
2.664048892473601882e+01
2.044963035149930874e+01
1.661468263618053243e+01
1.763250068621800892e+01
3.123632231206329379e+01
7.699342621092910122e+00
1.038207975438581343e+00
3.808067314923255253e+01
1.093380067094585684e+01
1.639491570328164016e+01
1.796039361977727822e+01
5.280429812051352201e+00
4.432299918617900403e+00
2.084676393245263171e+01
1.983826512366385941e+01
1.093149239903868875e+01
2.578146569589944193e+01
8.108401733940354461e+00
1.839986971330699816e+01
7.688390657645868487e+00
1.363083090995132807e+01
1.504806726405149675e+01
1.022059620813934089e+01
1.531543116959574036e+01
1.097655838303944620e+01
7.175480076548410580e+00
1.820005434000995592e+01
1.472757160514674979e+01
3.501797985040684580e+01
1.113088511264095359e+01
1.897775441753037740e+01
1.247043587781718088e+01
1.257855942180503916e+01
1.061842010050395402e+01
1.246887048155304001e+01
8.336329581745303585e+00
3.536132743660527922e+01
1.216852792935515026e+01
1.740548490209675947e+00
1.282108724387489929e+01
2.544251524528635855e+01
2.073885690036286178e+01
7.391231210550358810e+00
7.994911238241911633e+00
1.872531576289475197e+01
2.600048419881659356e+00
1.580725256745381557e+01
6.497090443971956120e+00
8.260938883766357321e+00
4.766348722161183105e+00
1.526030467887039777e+01
2.256616773711539281e+01
1.835088778901399564e+01
1.188009663215098044e+01
6.333062203017107095e+00
9.444686561927937873e+00
1.818700264116614562e+01
1.385433980113521102e+01
1.792610977955791896e+01
9.225855557904651505e+00
2.496096402313196450e+01
5.643264346332216519e+00
8.852701730502303690e+00
1.753008000361160157e+01
3.715051812666524711e+01
1.851408788104481573e+01
1.795954144873576297e+01
4.326112546087188093e+00
5.378930276063329075e+00
9.536554529175191419e+00
2.469962473407258585e+01
8.449984771229992475e+00
1.032133093556285530e+01
5.180992220235111745e+00
1.026929888234508326e+01
2.555896108839260705e+01
9.450262508785726823e+00
3.392701607371373029e+01
1.790807654295849716e+01
6.862554251963501883e+00
6.407509038235730259e+00
1.614178150794032263e+01
3.121522583316527744e+01
2.085121841485988625e+01
2.509523173047409728e+01
1.080899656577912538e+01
1.957359956741629503e+01
3.059013550273402871e+01
1.789726263588727306e+01
1.654089174727505451e+01
1.681784688857760557e+01
6.583114939132883592e+00
1.054503408883374505e+01
1.767489353267410479e+01
1.193392138098761279e+01
9.850006375599150488e+00
8.420121303532596357e+00
1.618983936140648439e+01
7.817701954321819358e+00
2.127372794109760434e+01
1.444084823770117509e+01
1.480571538478125149e+01
2.136207469094006228e+01
1.656024032369350607e+01
1.175803149616785959e+01
2.826679267363988401e+01
6.851815664830610331e+00
3.119693719460110515e+01
1.546113222031135592e+01
3.336510667391121387e+01
3.088580467260590012e+01
1.354497351567943042e+01
1.018437974912558275e+01
2.836437650385141751e+01
1.709243027060983877e+01
2.394517313472806563e+01
1.377934887403807807e+01
2.397184639164606779e+00
1.250740990496296945e+01
4.106154896489260864e+01
5.059251345219308860e+00
6.221201720247790945e+00
1.227193609352798376e+01
9.303015002224583441e+00
2.225737202984691976e+01
2.314150753375724889e+01
1.253677754197269678e+01
1.612402063540139352e+01
8.850415305413662281e+00
1.330106390331457078e+01
1.649996906002479591e+01
6.138220562450896978e+00
1.648106001439464308e+01
1.361277428245102783e+01
1.995356815160948827e+01
2.699177747618477952e+01
2.230601545125637131e+01
1.151633729443392440e+01
4.598589397515752353e+00
7.821715816735377302e+00
1.359797062185816685e+01
2.135889221075149180e+01
1.672497878683861927e+01
7.653321337420948112e+00
1.005722921367987510e+01
3.567398652829115235e+01
1.661571327938099785e+01
1.739473632991894192e+01
1.618352953481326040e+01
7.774928404831371154e+00
1.184825776841989864e+01
1.096113864794824622e+01
1.017917395199538078e+01
2.038828208726181401e+01
1.565240739397086145e+01
1.798992043461385038e+01
1.026453589956781798e+01
1.051922794665642868e+01
9.227390009194095910e+00
1.458551799189763187e+01
4.803414222404171596e+00
7.805899855935422238e+00
7.419335912176848069e+00
8.424523394273364829e+00
1.959414563691461808e+01
9.710824773410877242e+00
7.879845563609706005e+00
1.335929375124305807e+01
2.672607292659768063e+01
1.970801973481866298e+01
2.383128850581579172e+01
1.636560415701478632e+01
1.449889566886758985e+01
1.130878073284839047e+01
1.275440982370855636e+01
8.132167693138853792e+00
3.623305507023815153e+01
1.150920974449991263e+01
2.246867165447611114e+01
4.556041346807433001e+00
1.865980275434321811e+01
2.135529071193923301e+01
2.175256480180678409e+01
7.574527670940824464e+00
1.012029630477809405e+01
1.136651817702249900e+01
1.337259434524276003e+01
1.363575128390993996e+01
1.182463335762031420e+01
1.432217053273052443e+01
2.301393614496191731e+00
6.508413286543145659e+00
1.724477328487364503e+01
5.602509766462844709e+00
1.010154296251721462e+01
1.142730118801819117e+01
3.212144986165640148e+00
1.758144259233449702e+01
7.008431238120465423e+00
1.585840039109143618e+01
2.680989607068568148e+01
2.217216459983410459e+01
7.951958336378083914e+00
1.638626807006585295e+01
7.135709996485275042e+00
1.249210361935593028e+01
2.890581040629604104e+01
1.422207869069870867e+01
1.385186793579759978e+01
1.955366469089858583e+01
1.894976194692662830e+01
1.503564913773243461e+01
3.230867888356897311e+00
1.383773011226094241e+01
1.058862927377231244e+01
3.166225698309062864e+00
2.172055577460696441e+01
4.281076638409558655e+00
6.465302630795576988e+00
7.726838457610938349e+00
1.265579897938869181e+01
1.346527504736377523e+01
2.266656838831704590e+01
2.059072642089040528e+01
1.686713874128099633e+01
2.337242751364146898e+01
1.803991367745857133e+01
1.944308663293850259e+01
2.008560850264984765e+01
1.415566898970746479e+01
2.795233098587050335e+01
2.660065564285650908e+01
1.220992043825935980e+01
1.620696173986880240e+01
1.083741426054029944e+01
1.534719027082155662e+01
1.328755330018611858e+01
2.785286009741685120e+01
1.550431410760347717e+01
4.036642761503117072e+00
1.903386827614895083e+01
2.168652704728083336e+01
8.957047604325452994e+00
2.486623234633771062e+01
3.338503620381970904e+01
1.946012714482776573e+01
9.284372161642295396e+00
1.135010909662696577e+01
8.029127308020633791e+00
1.600533685507207338e+01
9.086232075952011655e+00
2.549209195105913750e+01
1.856296673698125232e+01
7.433824919216021954e+00
8.082340518144519592e+00
1.952950656528582840e+01
7.782521426584935398e+00
8.821307502418676449e+00
1.930562797682205201e+01
7.053424278736201813e+00
1.386674785582454206e+01
6.859133777860279224e+00
1.803140971179209373e+01
2.966108857033304957e+00
1.513451548086777620e+01
1.109176346063622987e+01
7.712572229383113154e+00
3.715711203951741481e+00
6.067683603411751392e+00
3.664848386671292246e+01
1.088304036016461396e+01
1.107618889869172563e+01
1.526576508189646120e+01
1.170018686884577619e+01
2.209111072451423752e+01
3.356285152157533958e+01
1.304377531843147153e+01
1.878052822839435976e+01
1.806333230913833177e+01
6.557424237694704061e+00
7.852305768551559595e+00
9.531592798448855319e+00
3.002465007717501067e+01
3.118499938037120955e+01
2.823905333564198372e+00
1.667944687240924395e+01
2.516372133074355588e+01
1.166142846348202511e+01
1.199398532016948593e+01
1.133505304655591317e+01
2.578665334121069463e+00
6.713153369898918754e+00
8.781408215666033357e+00
8.830854519065269415e+00
1.876033434600640248e+01
2.032785439450071863e+01
2.523396012354351114e+01
2.261306387935746898e+01
1.146995638377438809e+01
1.554832049815104256e+01
7.388870278714421147e+00
5.113611260685502202e+00
2.485902795861875347e+01
7.705684083325650136e+00
4.008496381270560960e+00
2.138821048764748411e+01
6.830075209868027741e+00
1.653729050290394298e+01
1.140862168513194774e-01
1.731257585706271129e+01
3.398308021402954182e+00
1.835016870905246833e+01
1.743871836584867197e+01
2.021027197746889215e+01
8.970940634526414215e-02
1.321408080902165239e+01
1.117100904514109061e+01
6.412616257036006573e+00
1.244044920679698407e+01
1.765626438133449483e+01
4.632111317918315763e+00
2.686200492796479011e+01
7.587039619510051125e+00
1.561935886618994118e+01
1.042330831412164116e+01
1.652211674757973014e+01
1.318359592456590690e+01
1.559114496858137500e+01
1.200326341030222466e+01
1.397911030233308338e+01
4.783456298391229211e+00
8.680085818169118284e+00
8.192938271511593484e+00
2.128213935666326506e+01
3.315590309566687210e+00
1.764117741018844754e+01
2.906965980061931987e+01
2.017955057872177349e+01
1.655097829331725734e+01
2.435841270321498087e+01
1.307991757121408227e+01
5.384423568620604783e+00
1.075433564563491018e+01
1.780460955419448510e+01
1.897092444547934065e+01
3.988906126469828450e+00
1.070099255658533366e+01
1.019972506934391276e+01
2.151302742801681234e+01
6.680913897976097360e+00
1.871939753089918668e+01
3.784279619373592141e+00
1.854659672970319662e+01
1.635080746180528877e+01
1.392551879382517654e+01
1.141737364819300637e+01
1.107381299321104962e+01
1.630174093102004917e+01
3.001076683573546688e+01
2.115686426562433553e+01
1.791839263688871142e+01
2.222313597485572245e+01
8.918043529664373636e+00
1.470288731092341550e+01
2.064628730856247785e+01
1.799300409379020493e+01
1.060955551363986160e+01
1.144567320228634344e+01
1.485931216614881123e+01
1.415766498916855198e+01
3.659023627523356481e+01
7.377159282662432815e+00
3.149034292117448786e+01
1.004359383723658539e+01
2.180883887261916243e+01
7.535535477376015479e+00
7.548883369654959097e+00
1.981560944437933358e+01
9.763121023695020995e+00
2.194320057877484942e+01
2.294617902058826076e+01
8.074358715896323702e+00
2.708563961844220103e+01
3.441983190533619563e+01
5.305874622636110871e+00
2.306361020886242841e+01
1.192854909705738464e+01
5.530689415182223456e+00
1.101544562182743903e+01
8.474651891381199675e+00
2.002428984526522981e+01
5.173697232942686242e+00
2.012080005504139990e+01
8.217737327300710604e+00
3.048501912941765113e+01
2.581365965485019842e+01
8.869374419736686832e+00
8.447275799383987760e+00
9.110396155406306207e+00
2.344457203048295924e+01
1.662274310991369930e+01
2.618566923562957527e+01
1.107770301572190874e+01
1.275845065702333159e+01
1.437157520891469176e+01
2.216807553624948923e+01
1.527619505056554772e+01
3.050177914868254447e+01
1.782834126628449667e+01
9.618134375614772580e+00
2.425746240890202898e+01
1.615723868037912325e+01
1.303246393409381199e+01
1.736915142242196453e+01
2.481954947225176511e+01
1.472562252907573566e+01
6.982437491835298715e+00
1.503922831991349085e+01
1.871509487283992712e+01
3.436009853515724899e+01
2.174397446355760621e+01
7.815401346481394285e+00
1.827694745202461490e+01
1.558965181806161127e+01
9.587870937805291760e+00
2.105308937817699189e+01
1.840413580022004680e+01
9.315040452177981933e+00
1.610252697006535527e+01
1.997150091242747294e+01
2.155245454582063758e+01
1.359911648816705565e+01
1.674254199425422485e+01
2.191196922791414181e+01
1.737195557222230491e+01
7.190535201098100515e+00
1.697985860190101448e+01
2.342689049531600176e+00
1.655512055036660968e+01
1.447410211097121646e+01
9.581672388367223903e+00
1.995746144329132221e+00
1.709295876574242357e+01
8.056009738464126713e+00
2.168933249118708773e+01
2.067652203747456952e+00
2.632146242918906864e+01
1.995349103006356017e+01
1.539611522006180166e+01
3.123522289396078122e+00
7.883183368991467432e+00
1.470149215442233981e+01
2.086874612105748383e+01
1.404825116070105651e+01
1.375158709959032421e+01
8.778229511912286398e+00
9.782794799285966292e+00
4.491206232097283646e+00
2.770664585132180946e+00
1.419040659194206455e+01
3.493871247638708155e+00
2.561704828571373582e+01
2.464317699662933592e+01
3.930375343755258655e+00
2.514082976288864302e+01
1.221777352355729818e+01
2.293309243820249321e+01
5.561165675531810848e+00
5.181811705720065220e+00
1.675580506271671766e+01
1.164880066657497082e+01
1.848616071696687868e+01
1.715323489205684382e+01
1.602113182290622717e+01
9.380830936921938701e+00
1.004791815863018201e+01
1.311994623928967485e+00
1.086469954237645652e+01
1.312622869386450475e+01
2.236029498401012461e+01
1.036034868785463914e+01
2.110843244954685360e+01
2.512685665470144158e+01
3.416765400466692881e+01
2.190107008275981570e+01
6.004575470747568033e+00
5.210601812466848060e+00
6.856835461562695855e+00
1.018191158093168269e+01
1.460241108057289239e+01
8.377086528515974351e+00
1.305829888044354448e+01
6.856422644279064116e+00
8.918981046143926505e+00
1.264134253603697289e+01
1.945260383615277533e+01
1.297446988228512055e+01
1.840504115200747037e+01
1.947525887152960422e+01
2.413541368800088094e+01
1.996601291859406047e+00
1.624529085767835568e+01
2.091539756314614351e+01
4.038224318782795308e+00
1.746750466254206913e+01
1.236449971386991820e+01
1.672600485083785316e+01
1.359464424798306936e+01
1.064960549432089465e+01
6.741957218184779776e+00
2.475884998257879488e+01
3.896114792882144684e+00
1.118627045797666142e+01
1.345659921768674394e+01
1.090825256354264639e+01
1.602540783570930216e+01
1.353547670616671894e+01
2.699507579357305076e+01
2.996303185513443168e+01
1.082545934567451695e+01
1.019724352136063317e+01
2.230653161768759674e+01
2.208813858447592793e+01
9.828997634099323477e+00
2.995403762686100890e+01
2.635013992072254041e+01
6.478940467444772366e+00
2.471682946150895077e+01
1.366546637758892757e+01
6.347099089885887224e+00
1.024016493315730258e+01
1.612766158779731995e+01
5.424332974931530771e+00
1.226632885918706961e+01
9.932933525389671559e+00
2.259580386284505948e+01
8.349446470814655186e+00
2.355378163717705320e+01
2.860984970313893427e+00
1.354015858898128499e+01
3.621398665023662033e+00
1.090524635691417643e+01
1.145345002020803804e+00
1.777893665296505787e+01
1.602999213710472759e+01
1.716554071751579613e+01
2.133727916490852294e+01
3.309957785309507017e+00
1.648670138446004785e+01
9.456155887582553987e+00
4.536185559813475265e+00
1.303880986688682242e+01
1.023012346370978776e+01
1.203450935519276754e+01
1.033166048705697904e+01
8.762134411665556399e+00
7.424020925281183736e+00
1.223058229872185620e+01
1.970812594975814136e+01
1.054012382766904921e+01
1.679066027592762111e+01
2.079762345379776889e+01
9.722230770202259009e+00
9.316881920965897734e+00
6.025621869175211032e+00
1.907903422578692698e+01
9.560075902903463430e+00
5.462560471091819636e+00
2.571830311821804571e+01
2.475695698465233363e+01
2.343133992654611575e+01
1.770739593176949711e+01
1.802518086113559548e+01
5.338986822484457662e+00
1.699577724215669150e+01
2.012442747464319837e+00
1.862649495780851794e+01
1.968789712264288028e+01
1.695747014341350223e+01
1.406434556677913861e+01
1.197721079596385607e+01
8.871874663326707378e+00
1.354436928574932608e+01
1.171277219028024774e+01
2.636887036266534778e+01
1.831395721962280732e+01
2.077874698383811847e+01
1.432487707452219183e+01
1.076567502907755625e+01
9.382238036068883957e+00
1.489763155518903659e+01
8.260568166045231919e+00
1.395994857418418178e+01
1.226993725441207062e+01
1.693828270917902046e+01
6.171704450193828961e+00
2.564537169455388721e+01
1.172372010666867936e+01
1.263330502743883699e+00
1.833911915987800967e+01
1.235422125976720054e+01
1.502266187459963476e+01
5.704479654793885857e+00
1.764225247555395981e+01
3.757649067916190688e+00
1.069738043662300697e+01
3.645284317298683163e+01
8.955414853556249000e+00
1.023657273373055432e+01
2.712595006604851733e+01
2.417128881167627696e+00
1.451918118894127474e+01
1.008049138137494083e+01
1.579504940831293425e+01
4.933349514599740360e+00
1.292119730126751165e+01
2.603967460723333716e+01
9.287678886032608716e+00
2.118770245680343578e+01
1.718561582709389768e+01
1.452707616335828789e+01
1.102147339758721500e+01
1.540326510713930475e+01
4.444127828169257555e+00
8.437752082817496557e+00
1.957132623545476235e+00
3.393502096472047924e+01
1.377005493890465004e+01
1.462942910983019829e+01
3.106631912745797308e+00
1.297475745239626121e+01
5.187282229305765213e+00
1.025748192880109855e+01
8.138879386978715047e+00
1.112449302366394477e+01
1.436525682599767606e+01
2.277081220696709352e+01
1.323216292467850508e+01
6.837891099294211017e+00
7.608439327220366977e+00
1.600689915769635263e+01
9.638488403304108942e+00
2.212538140295873745e+01
1.419590189151813320e+01
8.753440252568452706e+00
9.638178918260564387e+00
1.476918774674822998e+01
9.238573225929940236e+00
1.404468879265550640e+01
1.455950263889553753e+01
2.166643692392881348e+01
2.373682519367321220e+01
9.525936318023923377e+00
3.034508337516581378e+01
1.088796405908396991e+01
8.749363592301961035e+00
8.482976440318452660e+00
1.438214078686905850e+01
1.558017784164258046e+01
1.129754878924677541e+01
9.491849858650311944e+00
3.128720616431974122e+01
7.631498922348782799e+00
3.292126296956121223e+01
1.772563377905544257e+01
7.938323678493816260e+00
1.391292127209453611e+01
1.728252606934893265e+01
1.365875516931055245e+01
1.676992802937957094e+01
1.647863651902889615e+01
1.326354830880745794e+01
2.421894506210219333e+01
6.625603090277763840e+00
1.542973483638570542e+01
2.134706707000168535e+01
5.321797482330111961e+00
4.526741698090972932e+00
5.535115088763632230e+00
1.435490622243241887e+01
5.363653227139366209e+00
